17.803368021417207 1.030912932157929
15.11698321978358 1.201043690432778
17.354310238435723 1.8341829823017621
10.213129219245063 1.9593858400291455
13.954556482154665 1.3581620011921816
15.716687931071167 1.5313028274235427
15.352881867364967 1.5759529423823797
12.732459421692472 1.8905085557729162
15.058700998860859 1.0830274867730938
11.208767852183513 1.3159256563936919
11.548573749209067 1.3189760097349694
11.44496175606996 1.8278066441369285
12.76630356402951 1.530629381753628
13.165604449197307 1.1468584454337867
18.6683904787172 1.8232632858283084
11.988318456163274 1.0626315334336807
10.670131560916314 1.233508925244117
14.372019308757043 1.8249738151918207
15.763664256056074 1.8757588979636446
11.204530217876412 1.9311379599217793
14.807775113926812 1.86327008226962
17.073344661214456 1.4711709422608248
19.03030037593222 1.8858305463429206
16.960559823578187 1.0155024899119431
16.137471800877094 1.03777051534873
14.612778818041903 1.8811890730541707
17.590569774733588 1.7332623713448927
17.159037643437465 1.497058685889645
11.588760028631482 1.3202680221477205
18.684583550253368 1.5030407814644835
12.088014798698483 1.310156556609941
11.415593435182023 1.1652550016356704
12.789523751979013 1.976928819420571
16.92969015757437 1.6659710646006827
16.44702455860653 1.448149833939914
11.37937651678293 1.836341599359295
14.070992295944432 1.3091038634556067
18.100275501925402 1.93984847893107
15.648647449610028 1.1723512087562602
18.173328211958804 1.185692434595686
13.852254757645817 1.6267795350852212
14.519869614059559 1.7538947911065845
14.874201150508064 1.47340712427685
17.9307654392522 1.2476690179490564
16.005857143737195 1.1796088571276753
14.065558158575785 1.6536592489346027
17.86824373227406 1.0391003608029967
18.90484195227564 1.0869316257384773
10.306036876670808 1.6119295350645415
16.39884188768898 1.825143507193143
14.872465221563598 1.6368887318148952
16.127448113536346 1.3951047784098138
13.561163645381253 1.758175070779171
10.671716592495848 1.7649840960668213
12.982067793867438 1.0887901936419464
12.094110866559777 1.0167028705293908
15.531947566619706 1.845085217808013
14.434534862553859 1.2255977739904171
14.276191632356543 1.0300201696358648
14.451457396424264 1.6582223316386
16.236974617337925 1.4171219012702898
15.972212044925111 1.8141970028586862
19.573950827287895 1.8927877279647847
14.163804515955826 1.284306402950739
13.747134551181112 1.551497086994698
14.795340172194093 1.874580865036537
18.16764447315081 1.8066566151219312
10.135438087259395 1.9548892146430887
14.070503271146208 1.1792186857557372
17.512771878082017 1.5306084291602082
16.38470040938259 1.356877523496757
18.76514056702775 1.1072247793389458
17.229241071668497 1.5785606418622047
18.81223456839395 1.0202603386489857
10.32991892250155 1.3920978111689453
19.409534934112145 1.5367077429948097
16.130070286815055 1.3573637613970377
19.775542602868413 1.699195041322219
10.65957512208496 1.322854776601697
19.231803311313335 1.5803917397554388
17.329894875435016 1.4905733026911765
18.254963061799884 1.3427059630324067
19.73894544579485 1.6022591608801213
13.412343249964765 1.257111871617011
15.29812346828843 1.2294195788568154
18.537304566637488 1.6249856935318234
14.034818719512716 1.3302745107845688
19.197925875225312 1.3681172861209683
14.277259823613985 1.9486479153376894
10.022286293052131 1.9046037333526082
17.094556259210552 1.17299924670808
14.765918637135865 1.8121204101716908
14.343320949558663 1.248204189950018
17.14175120675161 1.6951036687521195
10.963260025009017 1.0383571804664977
16.38013172445661 1.6186688951569623
10.767649149609618 1.8757822015142045
15.246289228703624 1.4496263458552183
16.390616070764942 1.1996032748563517
19.814854686135376 1.4537464663859234
