13.28167564174809 1.929958518891798
14.685827580017811 2.3076977800751393
9.678971778098342 2.712075506782501
9.523642689952883 2.402263757411594
9.34620252900634 2.860627025715449
12.810753640617829 2.3226896012223315
11.524212255555977 2.979634818525211
6.529417994619841 2.514094597745129
13.026762932815748 2.1270789854915324
11.120134351982824 1.9247011231827147
10.700995360397126 2.9163701143335454
13.512445692342709 2.3507843873493193
8.576623757147075 2.43773503585861
12.283590718061026 1.6387288926280303
12.943910798204463 2.710010528180664
13.072749074615583 2.0608876722670075
5.328990820325269 2.597461856607625
9.263392999256752 2.116999325974359
12.876124918473959 1.6472379161775346
12.64352479584219 1.9948507832517288
7.999982983188153 1.6209461191745484
6.263338804378 2.4526832557927225
14.337071818509411 1.6085767890809128
7.032123560074412 2.9615213238784985
14.003932551779762 2.524627232456642
8.730973640475668 2.568164918970621
11.960756769618065 1.994772074007031
7.065154046779786 1.6090163994130497
6.882579998858032 1.646797628253693
7.139721862408628 1.6212245504179996
14.356230268252894 2.121764110822705
10.314278110604352 1.560809702976024
7.449720952959822 2.2204801175344793
11.777484825350875 2.7474945116583176
11.741799545661902 1.9963708754187888
12.37925400246781 2.812896307077257
6.752870593576543 2.7986918096131808
8.268271723383375 1.8325477939979535
13.384536509242276 1.7597859747956344
9.704796466521264 2.772894662383761
7.453506753944664 1.5067039130944402
6.053426995438399 2.8819783897556466
12.696647235526202 1.961002260879162
7.407809491728989 2.1969454229316456
12.727455305382426 1.970906452461081
14.559011362582904 2.4328331647320542
10.34026221151359 2.697270625001447
8.091559902052285 2.155266096731379
14.286978305113161 2.648888169112219
14.275907306948696 2.8247544013008605
8.192215051981723 1.5337026688497313
10.123351065769699 2.5322211298007677
13.626130791186569 2.6603397354802265
12.479201958476603 2.024192142387328
9.520365834749052 2.489127249676727
6.352259468987881 2.441766813730532
13.090944098735093 2.0933908751345465
5.813418423299811 2.5700464109612713
13.223037303063776 2.2503102326007616
6.743498574777933 1.8141301889578962
5.876003294810315 2.1359897745458416
14.470151872694883 1.584097932396155
12.483122535786041 2.6516462519704493
10.905969956276712 2.284581590898098
6.54897727658876 1.7569349212077705
5.184677477617859 2.1645870655175523
10.688428385726663 2.8324326528127504
8.98956634870537 2.8901600446368487
6.204665479407527 1.5361681896488442
12.778088221387515 2.8563004525864666
9.969816788584083 2.8588342690527826
11.928787726231672 2.95521076417817
8.850124433284932 1.6189389859313938
12.471529750039007 1.7655246358300531
10.208705784150913 2.972649019534451
14.509232887959984 2.421594554271792
8.122434761625279 2.143448417456428
7.699090963462176 2.7632257149062696
8.865495257958155 2.5039832355752707
7.23353056470196 2.254427957307318
5.9406741704429695 2.86658306397812
10.645914303098142 2.5948149299396364
14.480475445232363 2.85994633228073
5.4632705191549995 1.9292140215304396
7.193654563113454 2.0873479983748315
5.2380895802090315 2.589859322745734
9.198785366002229 2.8764740614518134
6.813499172682161 1.881222566596015
7.064990691631352 2.8426078619453152
14.810890904651943 2.0400967238569763
8.170980350816926 2.195390148300836
10.276339709780009 2.672979722130456
10.097058404877496 1.7247456763046192
9.181921973782305 2.6891146091227673
6.180773516232712 1.7038146669154166
13.050302460026694 2.010726140584176
12.595408191241653 2.045849057190396
8.355730697028001 1.6520522411346414
14.351510871070763 2.4480299066347575
13.551844838044575 1.6157026653940258
